Gender,FSIQ,VIQ,PIQ,Weight,Height,MRI_Count
Female,133,132,124,118,64.5,816932
Male,140,150,124,,72.5,1001121
Male,139,123,150,143,73.3,1038437
Male,133,129,128,172,68.8,965353
Female,137,132,134,147,65.0,951545
Female,99,90,110,146,69.0,928799
Female,138,136,131,138,64.5,991305
Female,92,90,98,175,66.0,854258
Male,89,93,84,134,66.3,904858
Male,133,114,147,172,68.8,955466
Female,132,129,124,118,64.5,833868
Male,141,150,128,151,70.0,1079549
Male,135,129,124,155,69.0,924059
Female,140,120,147,155,70.5,856472
Female,96,100,90,146,66.0,878897
Female,83,71,96,135,68.0,865363
Female,132,132,120,127,68.5,852244
Female,100,96,102,155,66.0,945088
Female,101,112,84,130,68.0,808020
Female,80,77,86,130,63.0,889083
Male,83,83,86,,,892420
Male,97,107,84,186,76.5,905940
Female,135,129,134,122,62.0,790619
Female,139,145,128,132,68.0,955003
Male,91,86,102,143,67.0,831772
Male,141,145,131,,,935494
Female,85,90,84,140,68.0,798612
Female,103,96,110,136,68.0,997925
Female,77,83,72,114,63.0,864153
Female,130,126,124,,,930016
Male,101,96,102,,,798612
Male,99,94,105,,,857852
Female,125,117,131,,62.0,906896
Female,89,89,97,,,785620
Male,108,115,95,,,889083
Male,113,113,108,,,877895
Female,115,115,113,,,897193
Female,126,132,113,,,835235
Male,77,83,78,,,893195
Male,103,103,103,,,92181
